-60	-54	-56	-64	-70	-78	1
-62	-53	-62	-64	-68	-79	1
-63	-51	-57	-60	-66	-79	1
-63	-51	-58	-63	-68	-81	1
-66	-52	-63	-63	-68	-80	1
-62	-58	-59	-59	-67	-80	1
-62	-56	-61	-63	-65	-83	1
-61	-51	-60	-63	-66	-82	1
-62	-53	-64	-65	-69	-85	1
-64	-55	-54	-64	-68	-89	1
-65	-54	-56	-64	-66	-79	1
-66	-56	-59	-62	-67	-80	1
-60	-62	-66	-66	-71	-84	1
-62	-64	-62	-65	-75	-82	1
-61	-56	-63	-77	-67	-82	1
-64	-52	-59	-59	-66	-86	1
-60	-54	-59	-65	-66	-83	1
-61	-58	-58	-62	-66	-81	1
-62	-54	-60	-61	-70	-79	1
-61	-57	-59	-62	-69	-78	1
-64	-57	-63	-59	-68	-82	1
-63	-57	-66	-63	-68	-82	1
-58	-57	-66	-61	-68	-85	1
-61	-56	-67	-61	-69	-82	1
-60	-56	-67	-62	-69	-82	1
-61	-56	-66	-65	-71	-85	1
-60	-57	-66	-64	-70	-84	1
-61	-56	-64	-61	-72	-83	1
-60	-57	-63	-62	-72	-85	1
-62	-60	-61	-66	-69	-80	1
-64	-59	-62	-63	-69	-84	1
-61	-58	-60	-62	-70	-81	1
-65	-61	-63	-63	-69	-82	1
-68	-56	-65	-67	-76	-87	1
-67	-56	-60	-66	-73	-93	1
-66	-55	-64	-71	-75	-94	1
-65	-57	-63	-71	-76	-87	1
-64	-56	-64	-71	-75	-87	1
-64	-57	-63	-71	-77	-87	1
-65	-58	-65	-65	-74	-89	1
-67	-65	-67	-68	-75	-87	1
-70	-62	-62	-67	-69	-88	1
-64	-58	-60	-67	-68	-84	1
-62	-53	-57	-60	-69	-87	1
-61	-56	-60	-58	-67	-79	1
-65	-54	-65	-70	-74	-83	1
-67	-57	-67	-68	-75	-85	1
-67	-55	-68	-67	-74	-83	1
-68	-57	-66	-69	-76	-81	1
-67	-56	-65	-66	-75	-83	1
-68	-55	-66	-68	-75	-82	1
-67	-57	-64	-68	-75	-82	1
-68	-55	-73	-65	-76	-82	1
-68	-55	-67	-70	-76	-82	1
-68	-56	-66	-69	-75	-82	1
-68	-57	-67	-68	-75	-83	1
-67	-56	-67	-70	-74	-81	1
-69	-59	-70	-67	-75	-82	1
-63	-58	-59	-65	-74	-86	1
-68	-55	-63	-61	-74	-79	1
-67	-57	-60	-60	-75	-83	1
-68	-57	-60	-61	-73	-87	1
-66	-56	-60	-63	-74	-87	1
-69	-58	-56	-61	-73	-81	1
-66	-57	-61	-61	-73	-81	1
-66	-57	-62	-61	-74	-81	1
-65	-57	-60	-64	-74	-81	1
-66	-57	-60	-68	-74	-82	1
-66	-57	-64	-62	-68	-87	1
-63	-57	-64	-69	-75	-85	1
-66	-58	-64	-63	-73	-83	1
-62	-58	-62	-65	-75	-90	1
-62	-59	-62	-63	-74	-86	1
-66	-58	-61	-63	-73	-81	1
-66	-60	-62	-62	-70	-82	1
-60	-52	-59	-65	-66	-82	1
-61	-59	-58	-62	-65	-78	1
-60	-57	-58	-59	-70	-76	1
-62	-52	-56	-63	-64	-78	1
-58	-56	-51	-59	-65	-81	1
-59	-57	-60	-58	-67	-80	1
-59	-57	-60	-60	-63	-81	1
-55	-53	-57	-67	-64	-80	1
-57	-53	-54	-61	-73	-86	1
-62	-52	-59	-62	-64	-80	1
-61	-55	-56	-66	-73	-79	1
-62	-55	-64	-61	-60	-81	1
-60	-51	-61	-63	-64	-86	1
-60	-59	-55	-66	-66	-82	1
-61	-54	-60	-60	-64	-79	1
-59	-52	-58	-65	-66	-82	1
-64	-52	-57	-61	-66	-82	1
-64	-50	-55	-63	-66	-78	1
-61	-53	-52	-60	-72	-75	1
-61	-52	-58	-59	-70	-76	1
-62	-53	-55	-60	-68	-76	1
-62	-51	-54	-60	-74	-74	1
-61	-57	-58	-62	-67	-78	1
-59	-50	-56	-59	-62	-78	1
-59	-49	-57	-58	-65	-76	1
-42	-55	-56	-43	-73	-76	2
-41	-60	-54	-43	-73	-80	2
-42	-54	-55	-49	-67	-80	2
-40	-55	-57	-50	-66	-75	2
-42	-55	-57	-44	-69	-73	2
-45	-55	-54	-43	-71	-89	2
-46	-55	-54	-45	-62	-76	2
-47	-58	-55	-45	-62	-79	2
-46	-59	-55	-49	-69	-74	2
-45	-57	-55	-48	-67	-77	2
-46	-59	-54	-52	-67	-77	2
-43	-55	-54	-47	-67	-77	2
-39	-53	-56	-48	-66	-69	2
-37	-52	-57	-36	-71	-66	2
-42	-52	-54	-35	-65	-69	2
-37	-50	-50	-36	-58	-69	2
-38	-57	-50	-38	-60	-74	2
-39	-55	-54	-48	-76	-73	2
-49	-54	-55	-53	-66	-73	2
-42	-54	-58	-41	-63	-75	2
-40	-55	-53	-36	-60	-77	2
-37	-56	-56	-35	-69	-73	2
-40	-59	-59	-39	-73	-71	2
-36	-58	-59	-36	-69	-71	2
-40	-58	-57	-40	-74	-79	2
-42	-51	-54	-41	-67	-72	2
-41	-55	-53	-37	-64	-79	2
-42	-54	-49	-41	-68	-71	2
-38	-53	-51	-39	-68	-76	2
-34	-48	-51	-37	-70	-78	2
-34	-53	-59	-36	-75	-73	2
-35	-56	-52	-36	-72	-69	2
-36	-55	-55	-36	-60	-73	2
-35	-54	-56	-34	-61	-71	2
-35	-54	-54	-35	-59	-73	2
-36	-54	-54	-36	-62	-71	2
-34	-57	-55	-35	-59	-71	2
-36	-58	-52	-26	-61	-70	2
-34	-61	-52	-27	-61	-67	2
-35	-56	-57	-34	-60	-73	2
-34	-61	-61	-36	-60	-73	2
-35	-59	-57	-27	-61	-71	2
-35	-60	-54	-35	-61	-81	2
-36	-60	-53	-36	-63	-70	2
-34	-62	-57	-36	-61	-71	2
-36	-59	-57	-35	-61	-65	2
-37	-59	-57	-36	-64	-66	2
-36	-59	-55	-36	-65	-66	2
-36	-59	-55	-40	-65	-66	2
-35	-55	-56	-37	-66	-65	2
-34	-55	-55	-36	-62	-70	2
-35	-58	-55	-36	-62	-70	2
-41	-58	-53	-43	-61	-70	2
-37	-56	-58	-36	-80	-72	2
-36	-60	-57	-37	-80	-72	2
-36	-56	-62	-36	-80	-71	2
-35	-53	-62	-35	-68	-70	2
-36	-61	-57	-27	-71	-73	2
-13	-54	-57	-21	-77	-72	2
-12	-54	-54	-11	-70	-75	2
-17	-56	-54	-36	-66	-73	2
-18	-53	-60	-17	-71	-74	2
-36	-54	-56	-16	-61	-64	2
-36	-55	-65	-34	-66	-70	2
-36	-54	-57	-34	-60	-69	2
-39	-57	-54	-38	-56	-70	2
-26	-57	-53	-37	-67	-72	2
-17	-57	-55	-15	-62	-68	2
-17	-56	-57	-35	-71	-69	2
-11	-63	-65	-18	-70	-72	2
-10	-58	-54	-18	-70	-72	2
-12	-55	-57	-16	-70	-76	2
-12	-56	-58	-16	-70	-75	2
-10	-58	-62	-20	-73	-76	2
-13	-55	-55	-21	-70	-73	2
-36	-55	-50	-41	-66	-72	2
-35	-52	-55	-38	-62	-66	2
-38	-54	-52	-36	-63	-65	2
-39	-52	-53	-36	-61	-67	2
-40	-53	-55	-37	-71	-75	2
-40	-54	-52	-38	-60	-69	2
-38	-54	-51	-37	-66	-74	2
-37	-58	-55	-38	-60	-74	2
-41	-53	-56	-36	-62	-75	2
-43	-56	-59	-37	-64	-74	2
-36	-55	-59	-37	-63	-70	2
-48	-53	-60	-36	-58	-73	2
-48	-53	-56	-37	-59	-75	2
-44	-52	-56	-47	-63	-71	2
-38	-53	-54	-43	-70	-77	2
-43	-54	-56	-40	-67	-70	2
-40	-55	-53	-35	-64	-70	2
-40	-54	-52	-39	-65	-70	2
-43	-52	-55	-35	-61	-75	2
-42	-53	-53	-42	-63	-72	2
-40	-56	-53	-44	-69	-77	2
-39	-58	-54	-39	-62	-71	2
-37	-54	-54	-41	-64	-72	2
-39	-52	-50	-39	-61	-75	2
-41	-56	-50	-43	-66	-77	2
-41	-54	-59	-41	-60	-76	2
-42	-54	-54	-43	-59	-74	2
-39	-57	-55	-42	-61	-74	2
-42	-54	-56	-39	-63	-76	2
-38	-56	-48	-39	-63	-70	2
-39	-51	-50	-43	-63	-71	2
-40	-50	-50	-37	-64	-71	2
-37	-55	-56	-37	-67	-70	2
-38	-54	-55	-36	-60	-71	2
-42	-53	-62	-27	-63	-72	2
-36	-51	-52	-37	-70	-71	2
-36	-55	-54	-36	-67	-65	2
-38	-60	-57	-39	-70	-70	2
-36	-50	-58	-41	-74	-74	2
-37	-58	-53	-43	-76	-66	2
-38	-56	-52	-41	-76	-71	2
-36	-56	-56	-37	-59	-66	2
-36	-55	-54	-40	-71	-71	2
-19	-53	-60	-37	-69	-72	2
-37	-53	-54	-37	-67	-79	2
-36	-57	-58	-36	-62	-74	2
-36	-55	-53	-35	-64	-72	2
-37	-53	-56	-35	-74	-76	2
-37	-57	-55	-40	-75	-71	2
-35	-58	-54	-36	-69	-69	2
-36	-57	-56	-37	-69	-77	2
-36	-58	-56	-39	-62	-67	2
-19	-60	-54	-35	-69	-69	2
-17	-62	-54	-22	-65	-70	2
-34	-53	-52	-19	-65	-75	2
-15	-55	-62	-25	-71	-67	2
-14	-56	-57	-35	-68	-77	2
-11	-59	-60	-27	-70	-74	2
-34	-53	-56	-18	-70	-76	2
-36	-54	-56	-35	-61	-70	2
-36	-52	-59	-38	-64	-72	2
-38	-55	-56	-42	-66	-72	2
-38	-54	-53	-36	-66	-73	2
-36	-53	-50	-37	-70	-72	2
-38	-50	-49	-42	-69	-73	2
-38	-53	-52	-40	-63	-73	2
-41	-54	-52	-37	-68	-73	2
-46	-51	-51	-36	-67	-73	2
-40	-53	-51	-37	-78	-73	2
-45	-53	-51	-36	-78	-72	2
-44	-52	-51	-36	-78	-72	2
-44	-53	-52	-36	-70	-72	2
-40	-54	-52	-35	-68	-71	2
-39	-59	-49	-37	-68	-70	2
-39	-52	-56	-36	-64	-68	2
-38	-55	-56	-36	-64	-70	2
-38	-56	-48	-39	-71	-72	2
-37	-57	-51	-39	-71	-71	2
-40	-58	-49	-41	-75	-71	2
-40	-57	-47	-42	-64	-74	2
-40	-58	-47	-41	-65	-73	2
-40	-70	-47	-43	-69	-73	2
-40	-57	-47	-42	-69	-73	2
-38	-52	-50	-41	-69	-68	2
-37	-54	-53	-36	-65	-76	2
-36	-54	-54	-37	-66	-75	2
-36	-58	-54	-27	-67	-73	2
-36	-54	-52	-20	-66	-70	2
-37	-57	-51	-39	-70	-76	2
-35	-51	-53	-37	-63	-72	2
-38	-51	-53	-38	-63	-72	2
-37	-54	-55	-37	-67	-71	2
-36	-52	-55	-36	-69	-64	2
-37	-54	-47	-36	-63	-70	2
-46	-52	-46	-39	-74	-71	2
-44	-50	-57	-45	-61	-72	2
-40	-52	-53	-39	-61	-75	2
-43	-55	-50	-39	-61	-69	2
-43	-55	-52	-42	-60	-74	2
-43	-54	-55	-41	-68	-71	2
-43	-47	-50	-45	-65	-66	2
-37	-46	-51	-39	-63	-69	2
-36	-55	-51	-37	-75	-71	2
-38	-59	-61	-36	-68	-69	2
-36	-55	-58	-37	-76	-72	2
-37	-53	-57	-38	-71	-68	2
-34	-60	-52	-37	-71	-66	2
-34	-54	-56	-42	-68	-76	2
-39	-57	-50	-35	-63	-70	2
-39	-48	-51	-38	-63	-69	2
-38	-52	-62	-37	-69	-73	2
-42	-52	-56	-43	-64	-76	2
-39	-54	-55	-37	-64	-70	2
-43	-57	-52	-40	-58	-72	2
-40	-54	-53	-36	-61	-77	2
-37	-55	-55	-40	-73	-72	2
-38	-58	-62	-41	-64	-76	2
-43	-54	-59	-40	-68	-76	2
-45	-52	-59	-43	-71	-74	2
-45	-57	-59	-43	-71	-74	2
-47	-60	-56	-48	-85	-85	2
-50	-56	-55	-47	-63	-86	2
-48	-57	-56	-49	-64	-87	2
-46	-57	-55	-44	-65	-86	2
-45	-58	-54	-46	-69	-87	2
-51	-54	-53	-55	-66	-77	3
-51	-52	-56	-52	-66	-80	3
-48	-57	-49	-53	-62	-79	3
-47	-60	-59	-55	-70	-79	3
-57	-58	-56	-55	-71	-84	3
-55	-58	-55	-54	-70	-81	3
-55	-56	-58	-53	-70	-81	3
-55	-66	-57	-52	-70	-84	3
-52	-57	-58	-57	-68	-86	3
-50	-60	-73	-58	-68	-88	3
-49	-59	-57	-50	-72	-80	3
-49	-59	-56	-50	-63	-80	3
-49	-62	-56	-50	-63	-83	3
-49	-61	-56	-49	-64	-84	3
-49	-60	-55	-49	-63	-85	3
-49	-60	-56	-50	-63	-84	3
-49	-61	-55	-49	-62	-84	3
-49	-61	-55	-53	-72	-85	3
-53	-57	-62	-55	-60	-86	3
-51	-56	-60	-48	-60	-86	3
-45	-59	-57	-51	-62	-77	3
-48	-58	-55	-49	-60	-80	3
-49	-64	-53	-52	-63	-73	3
-48	-66	-57	-51	-70	-81	3
-49	-64	-58	-53	-70	-84	3
-48	-61	-57	-51	-67	-83	3
-49	-64	-58	-51	-70	-86	3
-51	-64	-59	-49	-71	-87	3
-51	-62	-59	-50	-66	-85	3
-51	-62	-59	-52	-68	-85	3
-47	-64	-57	-51	-64	-85	3
-45	-63	-60	-53	-67	-83	3
-51	-60	-57	-54	-64	-84	3
-51	-58	-55	-54	-67	-86	3
-49	-52	-52	-51	-63	-78	3
-51	-53	-54	-53	-62	-83	3
-46	-46	-52	-52	-57	-77	3
-48	-46	-50	-54	-63	-87	3
-54	-54	-50	-54	-60	-81	3
-49	-56	-53	-52	-58	-89	3
-52	-52	-53	-53	-56	-78	3
-52	-55	-55	-54	-65	-85	3
-55	-51	-51	-55	-59	-89	3
-63	-52	-51	-56	-59	-89	3
-55	-53	-52	-56	-58	-85	3
-56	-52	-51	-57	-64	-86	3
-56	-52	-50	-58	-57	-85	3
-54	-53	-50	-58	-58	-84	3
-53	-54	-53	-60	-60	-86	3
-49	-54	-50	-55	-63	-85	3
-50	-52	-54	-55	-64	-83	3
-45	-52	-54	-53	-56	-83	3
-45	-50	-50	-55	-57	-76	3
-49	-55	-50	-53	-62	-76	3
-48	-57	-51	-51	-60	-79	3
-47	-50	-53	-47	-63	-76	3
-50	-51	-49	-48	-54	-77	3
-51	-47	-50	-49	-59	-80	3
-46	-55	-48	-52	-62	-80	3
-51	-52	-50	-49	-60	-77	3
-49	-59	-57	-49	-67	-85	3
-50	-56	-51	-49	-67	-84	3
-51	-60	-59	-46	-68	-78	3
-52	-54	-53	-51	-61	-83	3
-46	-51	-50	-48	-64	-82	3
-44	-56	-54	-52	-63	-80	3
-49	-56	-54	-55	-62	-78	3
-47	-52	-56	-56	-62	-83	3
-51	-54	-53	-52	-63	-81	3
-51	-54	-51	-53	-60	-86	3
-45	-52	-52	-51	-64	-84	3
-45	-46	-58	-53	-59	-77	3
-47	-57	-57	-52	-69	-79	3
-54	-61	-51	-44	-63	-79	3
-44	-53	-51	-49	-60	-84	3
-43	-57	-51	-52	-62	-79	3
-50	-54	-49	-46	-64	-85	3
-46	-60	-54	-50	-62	-79	3
-46	-53	-47	-52	-57	-79	3
-51	-48	-56	-53	-61	-80	3
-52	-51	-49	-56	-65	-81	3
-50	-57	-50	-59	-62	-91	3
-53	-53	-50	-55	-59	-86	3
-49	-55	-49	-49	-60	-81	3
-47	-57	-49	-46	-63	-84	3
-51	-52	-48	-48	-62	-85	3
-51	-51	-45	-53	-59	-84	3
-48	-54	-52	-54	-58	-87	3
-50	-54	-51	-50	-66	-87	3
-47	-55	-57	-50	-64	-80	3
-50	-56	-57	-49	-68	-92	3
-48	-57	-54	-47	-66	-79	3
-42	-54	-48	-51	-64	-78	3
-49	-56	-51	-54	-65	-79	3
-51	-59	-51	-48	-67	-79	3
-52	-60	-52	-48	-70	-79	3
-53	-58	-50	-48	-64	-88	3
-47	-54	-51	-47	-66	-88	3
-48	-55	-51	-55	-69	-88	3
-46	-53	-50	-53	-64	-81	3
-52	-60	-51	-46	-63	-84	3
-53	-57	-50	-47	-62	-86	3
-53	-58	-51	-48	-63	-85	3
-53	-58	-51	-48	-63	-88	3
-52	-58	-50	-53	-64	-87	3
-54	-56	-50	-50	-64	-87	3
-52	-52	-51	-51	-74	-86	3
-51	-62	-53	-51	-67	-79	3
-51	-63	-51	-52	-66	-79	3
-52	-61	-51	-52	-66	-80	3
-53	-62	-51	-52	-67	-79	3
-53	-62	-52	-53	-65	-79	3
-46	-60	-52	-55	-61	-85	3
-43	-59	-51	-53	-61	-83	3
-44	-60	-52	-49	-63	-84	3
-47	-57	-57	-52	-62	-86	3
-47	-57	-56	-51	-64	-80	3
-47	-56	-58	-56	-62	-81	3
-48	-55	-58	-50	-63	-81	3
-47	-55	-58	-50	-60	-81	3
-47	-64	-53	-54	-60	-83	3
-45	-63	-57	-55	-58	-79	3
-45	-63	-57	-53	-57	-81	3
-45	-60	-59	-52	-57	-83	3
-45	-60	-56	-54	-59	-84	3
-47	-56	-53	-53	-66	-85	3
-48	-58	-52	-53	-61	-88	3
-46	-55	-53	-52	-57	-81	3
-46	-57	-53	-48	-58	-80	3
-48	-55	-55	-52	-65	-80	3
-53	-56	-51	-50	-61	-83	3
-54	-55	-50	-49	-60	-84	3
-53	-58	-51	-50	-62	-84	3
-53	-54	-54	-50	-61	-82	3
-52	-55	-52	-52	-62	-82	3
-52	-56	-53	-50	-62	-84	3
-52	-55	-51	-49	-62	-86	3
-53	-55	-52	-46	-63	-86	3
-53	-55	-51	-49	-65	-86	3
-52	-54	-51	-49	-63	-87	3
-52	-56	-51	-48	-64	-87	3
-51	-55	-51	-48	-63	-88	3
-52	-56	-51	-46	-63	-86	3
-52	-55	-51	-49	-64	-87	3
-51	-55	-52	-49	-64	-86	3
-52	-54	-52	-49	-63	-86	3
-52	-55	-52	-49	-63	-88	3
-51	-55	-52	-48	-63	-87	3
-52	-57	-53	-49	-61	-88	3
-52	-56	-52	-49	-63	-87	3
-52	-56	-52	-50	-65	-86	3
-52	-56	-51	-50	-65	-87	3
-51	-58	-52	-48	-68	-86	3
-52	-56	-52	-49	-61	-86	3
-52	-55	-52	-50	-61	-86	3
-52	-56	-52	-44	-63	-87	3
-52	-55	-52	-43	-61	-86	3
-51	-57	-52	-49	-60	-84	3
-46	-53	-51	-49	-68	-79	3
-48	-51	-53	-48	-64	-81	3
-49	-58	-49	-51	-59	-89	3
-51	-55	-56	-49	-58	-84	3
-50	-51	-51	-49	-63	-79	3
-52	-57	-53	-47	-57	-80	3
-50	-52	-55	-49	-64	-80	3
-46	-52	-53	-44	-60	-79	3
-45	-54	-53	-45	-68	-75	3
-46	-53	-53	-43	-59	-83	3
-49	-62	-52	-49	-63	-82	3
-48	-57	-53	-43	-64	-81	3
-49	-53	-50	-45	-64	-74	3
-48	-54	-56	-49	-66	-81	3
-49	-53	-55	-52	-57	-86	3
-51	-52	-53	-51	-59	-86	3
-48	-52	-49	-52	-63	-79	3
-46	-52	-51	-55	-60	-80	3
-50	-52	-49	-45	-64	-76	3
-52	-51	-47	-49	-64	-80	3
-47	-53	-50	-52	-65	-80	3
-49	-54	-50	-52	-60	-85	3
-53	-53	-52	-55	-60	-82	3
-53	-56	-55	-51	-62	-78	3
-52	-54	-49	-52	-58	-81	3
-48	-58	-54	-46	-66	-85	3
-51	-55	-59	-51	-58	-87	3
-49	-56	-57	-51	-65	-87	3
-53	-54	-54	-51	-61	-84	3
-50	-49	-57	-49	-61	-82	3
-49	-47	-51	-52	-62	-89	3
-52	-53	-57	-52	-57	-83	3
-53	-48	-52	-52	-59	-81	3
-49	-56	-45	-42	-66	-83	3
-49	-50	-55	-60	-61	-78	3
-49	-50	-55	-49	-54	-85	3
-47	-57	-50	-45	-60	-82	3
-50	-54	-51	-46	-63	-79	3
-47	-52	-49	-43	-57	-80	3
-51	-53	-57	-51	-60	-76	3
-50	-49	-51	-50	-61	-83	3
-49	-54	-52	-52	-63	-83	3
-51	-55	-46	-54	-63	-84	3
-52	-54	-53	-49	-63	-86	3
-48	-57	-52	-51	-62	-86	3
-49	-49	-53	-45	-58	-87	3
-50	-51	-54	-43	-66	-78	3
-49	-53	-51	-42	-63	-79	3
-49	-57	-51	-44	-57	-85	3
-51	-52	-58	-49	-60	-84	3
-50	-56	-47	-52	-58	-88	3
-52	-48	-52	-54	-63	-78	3
-53	-50	-50	-49	-61	-83	3
-53	-47	-54	-53	-59	-83	3
-51	-58	-56	-48	-61	-79	3
-45	-55	-57	-47	-61	-78	3
-49	-50	-51	-44	-60	-83	3
-45	-51	-50	-51	-57	-80	3
-49	-56	-47	-50	-58	-77	3
-47	-58	-51	-43	-65	-80	3
-47	-54	-56	-47	-62	-78	3
-49	-55	-53	-48	-61	-79	3
-47	-57	-52	-44	-67	-78	3
-50	-62	-57	-45	-62	-81	3
-46	-56	-60	-46	-65	-84	3
-51	-55	-53	-50	-63	-79	3
-46	-48	-53	-49	-59	-80	3
-46	-58	-53	-48	-60	-79	3
-49	-45	-50	-48	-61	-79	3
-49	-49	-47	-50	-59	-79	3
-49	-53	-50	-54	-62	-77	3
-52	-54	-55	-55	-60	-74	3
-48	-56	-49	-52	-60	-82	3
-54	-57	-53	-54	-62	-77	3
-48	-54	-49	-59	-63	-78	3
-52	-53	-50	-52	-63	-84	3
-53	-52	-48	-50	-62	-81	3
-53	-53	-51	-50	-66	-82	3
-46	-56	-54	-51	-62	-80	3
-47	-58	-50	-55	-64	-76	3
-48	-47	-52	-56	-61	-77	3
-49	-50	-50	-45	-64	-79	3
-47	-51	-56	-50	-60	-78	3
-52	-50	-52	-49	-63	-80	3
-48	-47	-51	-52	-60	-74	3
-47	-51	-54	-50	-64	-75	3
-49	-52	-53	-49	-64	-77	3
-45	-56	-55	-46	-68	-79	3
-46	-58	-54	-48	-63	-78	3
-51	-51	-59	-46	-60	-80	3
-53	-56	-54	-53	-62	-88	3
-50	-58	-54	-50	-65	-79	3
-52	-51	-53	-54	-68	-88	3
-51	-62	-53	-51	-64	-86	3
-51	-51	-54	-53	-59	-86	3
-50	-68	-48	-56	-63	-80	3
-48	-52	-54	-52	-63	-80	3
-52	-53	-54	-49	-63	-85	3
-51	-54	-54	-54	-62	-85	3
-54	-54	-55	-52	-61	-86	3
-52	-54	-54	-51	-63	-87	3
-52	-53	-56	-49	-62	-83	3
-47	-56	-54	-51	-63	-81	3
-51	-57	-54	-55	-62	-87	3
-49	-54	-52	-56	-60	-85	3
-49	-54	-50	-51	-66	-78	3
-46	-47	-47	-50	-65	-79	3
-51	-54	-44	-52	-56	-79	3
-48	-47	-50	-53	-61	-82	3
-47	-56	-57	-52	-62	-79	3
-51	-55	-50	-53	-62	-78	3
-51	-58	-59	-52	-64	-78	3
-53	-62	-57	-49	-61	-88	3
-48	-59	-54	-55	-60	-84	3
-50	-59	-60	-51	-64	-86	3
-51	-54	-54	-55	-58	-88	3
-49	-58	-50	-56	-64	-81	3
-48	-58	-50	-53	-62	-81	3
-48	-51	-54	-51	-58	-80	3
-48	-54	-53	-51	-61	-77	3
-46	-51	-55	-42	-62	-79	3
-49	-53	-52	-52	-64	-74	3
-50	-55	-52	-47	-65	-83	3
-47	-46	-53	-46	-59	-79	3
-49	-51	-52	-44	-60	-77	3
-48	-53	-51	-43	-64	-74	3
-46	-54	-47	-51	-57	-80	3
-49	-52	-48	-48	-59	-79	3
-49	-51	-50	-53	-64	-79	3
-53	-54	-56	-52	-63	-81	3
-54	-55	-50	-48	-64	-80	3
-51	-56	-51	-47	-62	-79	3
-48	-55	-53	-51	-63	-82	3
-50	-57	-59	-43	-62	-76	3
-50	-53	-52	-50	-61	-79	3
-47	-58	-56	-51	-70	-81	3
-52	-57	-52	-52	-70	-87	3
-52	-60	-51	-54	-61	-86	3
-55	-60	-50	-55	-63	-88	3
-55	-60	-51	-53	-63	-85	3
-53	-58	-51	-51	-62	-84	3
-53	-68	-50	-51	-77	-85	3
-63	-54	-53	-65	-52	-92	4
-63	-57	-57	-70	-50	-92	4
-70	-59	-56	-64	-46	-88	4
-65	-62	-49	-67	-45	-88	4
-63	-59	-53	-70	-46	-86	4
-61	-61	-52	-68	-45	-88	4
-62	-61	-51	-68	-48	-88	4
-63	-57	-53	-63	-48	-85	4
-62	-55	-53	-65	-50	-88	4
-64	-59	-52	-65	-50	-88	4
-61	-60	-53	-61	-52	-87	4
-60	-61	-58	-63	-49	-84	4
-63	-57	-57	-62	-51	-89	4
-63	-58	-50	-63	-48	-91	4
-64	-54	-56	-66	-52	-88	4
-63	-59	-51	-72	-55	-96	4
-61	-57	-53	-65	-50	-87	4
-61	-56	-49	-60	-52	-91	4
-61	-55	-45	-55	-56	-85	4
-61	-61	-49	-58	-54	-94	4
-66	-59	-52	-63	-59	-88	4
-61	-61	-51	-62	-54	-85	4
-64	-60	-53	-60	-48	-89	4
-65	-61	-56	-67	-50	-89	4
-64	-66	-58	-70	-50	-89	4
-63	-58	-57	-61	-52	-89	4
-63	-57	-60	-69	-49	-93	4
-64	-55	-55	-62	-49	-93	4
-59	-62	-54	-62	-46	-87	4
-64	-58	-49	-64	-49	-92	4
-66	-54	-53	-71	-48	-92	4
-66	-56	-56	-63	-50	-89	4
-66	-54	-54	-64	-47	-89	4
-67	-55	-56	-64	-50	-88	4
-66	-56	-56	-66	-49	-89	4
-66	-56	-55	-67	-48	-87	4
-66	-57	-56	-64	-49	-89	4
-66	-57	-55	-65	-48	-91	4
-67	-57	-55	-65	-49	-88	4
-68	-57	-54	-64	-51	-89	4
-67	-56	-55	-64	-49	-91	4
-65	-56	-54	-63	-49	-92	4
-64	-55	-55	-66	-49	-88	4
-67	-56	-52	-64	-51	-89	4
-65	-57	-55	-64	-50	-92	4
-65	-57	-56	-63	-48	-92	4
-65	-57	-54	-70	-50	-88	4
-66	-57	-55	-65	-51	-88	4
-66	-59	-47	-67	-51	-94	4
-66	-59	-45	-67	-52	-93	4
-69	-58	-46	-66	-48	-95	4
-65	-57	-45	-69	-48	-91	4
-64	-59	-46	-65	-48	-91	4
-63	-59	-45	-65	-47	-89	4
-63	-58	-46	-66	-49	-93	4
-63	-58	-47	-66	-48	-93	4
-64	-59	-45	-65	-51	-93	4
-64	-58	-45	-65	-51	-92	4
-64	-60	-45	-66	-52	-92	4
-64	-60	-44	-66	-52	-91	4
-65	-57	-45	-66	-47	-92	4
-64	-58	-45	-66	-48	-89	4
-66	-58	-47	-68	-47	-88	4
-67	-64	-47	-64	-50	-88	4
-61	-60	-50	-63	-45	-88	4
-64	-56	-51	-65	-49	-91	4
-63	-56	-55	-60	-52	-86	4
-64	-57	-53	-61	-50	-86	4
-64	-54	-55	-59	-52	-88	4
-61	-57	-54	-65	-52	-89	4
-65	-56	-49	-61	-44	-88	4
-64	-58	-51	-59	-40	-88	4
-58	-57	-50	-60	-47	-84	4
-60	-53	-50	-66	-39	-86	4
-61	-56	-44	-61	-49	-91	4
-61	-51	-49	-59	-56	-91	4
-65	-52	-48	-63	-48	-91	4
-69	-52	-48	-66	-48	-88	4
-67	-52	-46	-66	-47	-89	4
-67	-53	-46	-64	-48	-88	4
-66	-52	-48	-71	-55	-88	4
-65	-52	-46	-65	-49	-88	4
-65	-52	-46	-64	-49	-88	4
-65	-54	-46	-65	-51	-91	4
-65	-51	-49	-63	-49	-92	4
-64	-48	-54	-58	-52	-80	4
-60	-52	-45	-58	-51	-87	4
-57	-54	-46	-53	-44	-85	4
-58	-54	-44	-59	-47	-83	4
-55	-57	-49	-52	-53	-82	4
-59	-53	-49	-56	-49	-83	4
-60	-57	-58	-58	-50	-83	4
-64	-55	-55	-58	-51	-89	4
-64	-54	-52	-58	-52	-89	4
-59	-53	-49	-59	-45	-89	4
-60	-52	-49	-61	-51	-85	4
-61	-58	-52	-61	-45	-92	4
-60	-56	-43	-61	-50	-89	4
-62	-57	-44	-61	-44	-89	4
-62	-58	-49	-64	-42	-86	4
-61	-54	-45	-66	-45	-88	4
-60	-55	-47	-59	-54	-91	4
-57	-59	-44	-60	-56	-87	4
-56	-54	-48	-57	-51	-84	4
-58	-54	-46	-55	-50	-87	4
-58	-51	-46	-58	-50	-79	4
-59	-55	-48	-59	-52	-86	4
-57	-61	-54	-64	-48	-87	4
-64	-55	-52	-61	-50	-92	4
-62	-57	-50	-62	-49	-93	4
-65	-58	-56	-61	-49	-89	4
-62	-58	-50	-58	-47	-95	4
-57	-52	-44	-59	-51	-88	4
-55	-53	-47	-57	-50	-85	4
-57	-52	-46	-60	-43	-88	4
-64	-57	-48	-60	-39	-88	4
-60	-51	-53	-63	-42	-87	4
-63	-62	-49	-63	-45	-92	4
-59	-52	-44	-57	-49	-85	4
-58	-56	-52	-54	-52	-87	4
-61	-57	-51	-56	-49	-88	4
-59	-57	-56	-65	-49	-92	4
-59	-57	-52	-71	-49	-92	4
-59	-56	-56	-65	-49	-92	4
-59	-56	-58	-66	-51	-92	4
-60	-58	-55	-65	-50	-91	4
-60	-58	-57	-68	-50	-96	4
-61	-58	-58	-67	-50	-96	4
-59	-57	-56	-65	-49	-91	4
-61	-58	-57	-66	-49	-93	4
-60	-57	-56	-65	-50	-96	4
-61	-58	-56	-67	-50	-95	4
-61	-57	-54	-67	-52	-89	4
-58	-57	-55	-66	-51	-88	4
-60	-57	-55	-65	-51	-94	4
-60	-58	-56	-64	-52	-93	4
-58	-56	-56	-64	-50	-82	4
-61	-55	-55	-66	-61	-83	4
-60	-56	-57	-65	-49	-85	4
-60	-58	-56	-66	-51	-85	4
-61	-56	-57	-65	-54	-85	4
-61	-57	-57	-66	-55	-83	4
-60	-57	-56	-64	-52	-84	4
-61	-59	-56	-64	-50	-85	4
-61	-56	-55	-63	-52	-84	4
-58	-61	-56	-64	-49	-83	4
-61	-56	-55	-63	-47	-85	4
-61	-58	-48	-57	-52	-91	4
-61	-55	-54	-72	-45	-89	4
-62	-61	-52	-69	-42	-88	4
-64	-57	-54	-69	-43	-88	4
-63	-58	-54	-69	-43	-91	4
-63	-59	-54	-77	-42	-91	4
-64	-59	-55	-66	-44	-93	4
-64	-59	-51	-67	-43	-88	4
-62	-60	-55	-67	-43	-88	4
-63	-58	-54	-67	-43	-88	4
-62	-59	-53	-64	-44	-89	4
-61	-62	-54	-69	-46	-93	4
-62	-59	-52	-69	-46	-91	4
-58	-57	-46	-56	-43	-89	4
-60	-53	-48	-61	-46	-85	4
-56	-55	-43	-57	-52	-93	4
-57	-54	-54	-59	-51	-88	4
-56	-55	-50	-59	-62	-84	4
-58	-56	-46	-56	-62	-84	4
-59	-54	-51	-59	-58	-80	4
-58	-54	-53	-60	-47	-82	4
-63	-54	-47	-64	-50	-83	4
-58	-55	-57	-64	-47	-85	4
-63	-57	-47	-64	-49	-86	4
-63	-58	-50	-57	-46	-91	4
-60	-54	-56	-65	-43	-88	4
-59	-56	-49	-57	-45	-88	4
-56	-56	-40	-62	-50	-86	4
-63	-52	-43	-63	-51	-87	4
-60	-56	-44	-53	-46	-87	4
-64	-56	-48	-62	-53	-88	4
-59	-56	-41	-54	-46	-89	4
-60	-59	-51	-59	-53	-88	4
-62	-58	-54	-61	-52	-88	4
-61	-53	-50	-59	-46	-84	4
-60	-56	-44	-59	-46	-81	4
-64	-57	-52	-60	-40	-87	4
-63	-56	-51	-57	-45	-88	4
-61	-54	-52	-65	-49	-85	4
-60	-63	-54	-63	-47	-88	4
-61	-55	-52	-61	-44	-88	4
-62	-58	-52	-63	-50	-87	4
-63	-57	-55	-63	-49	-88	4
-64	-63	-56	-64	-47	-92	4
-71	-59	-52	-62	-48	-91	4
-57	-53	-51	-57	-48	-88	4
-61	-55	-46	-57	-46	-83	4
-56	-53	-49	-60	-48	-82	4
-61	-56	-52	-62	-52	-82	4
-64	-58	-48	-63	-42	-85	4
-58	-56	-44	-60	-47	-84	4
-58	-51	-49	-61	-48	-88	4
-57	-55	-45	-59	-50	-85	4
-61	-52	-48	-57	-47	-85	4
-59	-50	-51	-59	-51	-83	4
-60	-52	-48	-61	-48	-83	4
-61	-55	-45	-57	-53	-91	4
-56	-51	-45	-54	-52	-79	4
-56	-60	-55	-55	-53	-88	4
-60	-60	-46	-54	-49	-81	4
-58	-57	-46	-55	-50	-87	4
-59	-56	-50	-60	-52	-81	4
-57	-56	-49	-58	-50	-87	4
-60	-58	-53	-55	-53	-83	4
-61	-52	-49	-58	-51	-91	4
-57	-57	-48	-59	-49	-88	4
-58	-54	-49	-60	-55	-91	4
-60	-59	-50	-58	-45	-87	4
-61	-57	-50	-59	-46	-91	4
-63	-53	-59	-62	-45	-88	4
-63	-56	-51	-64	-49	-88	4
-63	-57	-55	-60	-50	-86	4
-62	-62	-55	-64	-42	-86	4
-63	-56	-50	-56	-49	-89	4
-61	-56	-52	-58	-52	-82	4
-59	-49	-44	-61	-45	-89	4
-60	-61	-49	-60	-50	-89	4
-59	-55	-49	-60	-42	-92	4
-61	-54	-50	-63	-42	-92	4
-60	-49	-48	-62	-48	-85	4
-59	-49	-45	-57	-52	-80	4
-62	-56	-49	-58	-45	-85	4
-65	-54	-53	-61	-43	-84	4
-64	-59	-53	-63	-52	-87	4
-62	-58	-52	-65	-49	-89	4
-61	-54	-48	-64	-49	-89	4
-57	-51	-49	-64	-52	-88	4
-59	-52	-49	-55	-56	-83	4
-57	-60	-47	-59	-50	-79	4
-61	-56	-48	-62	-54	-88	4
-60	-51	-51	-59	-54	-86	4
-57	-56	-48	-66	-49	-84	4
-61	-56	-47	-60	-48	-83	4
-58	-49	-50	-61	-51	-83	4
-58	-50	-43	-56	-55	-83	4
-58	-53	-48	-58	-54	-88	4
-57	-56	-48	-59	-47	-86	4
-58	-57	-48	-64	-52	-92	4
-59	-57	-48	-69	-52	-87	4
-58	-54	-53	-64	-51	-87	4
-59	-55	-55	-62	-47	-91	4
-59	-55	-54	-64	-44	-86	4
-60	-53	-52	-64	-46	-85	4
-60	-54	-53	-64	-47	-85	4
-63	-53	-52	-64	-47	-93	4
-61	-53	-48	-62	-52	-86	4
-61	-56	-46	-60	-50	-84	4
-64	-55	-48	-61	-50	-83	4
-64	-58	-47	-61	-52	-85	4
-62	-53	-48	-61	-50	-85	4
-58	-56	-50	-58	-47	-87	4
-58	-60	-50	-61	-50	-87	4
-58	-56	-49	-60	-53	-86	4
-59	-55	-46	-66	-50	-86	4
-58	-57	-50	-58	-50	-82	4
-62	-57	-48	-63	-47	-88	4
-62	-59	-50	-66	-54	-95	4
-60	-57	-50	-63	-49	-87	4
-62	-59	-48	-65	-51	-87	4
-58	-65	-47	-71	-51	-86	4
-58	-56	-48	-65	-49	-87	4
-63	-54	-49	-62	-43	-89	4
-64	-57	-47	-58	-46	-89	4
-60	-55	-54	-58	-55	-86	4
-63	-56	-52	-65	-47	-82	4
-59	-57	-49	-66	-41	-87	4
-62	-53	-55	-65	-49	-87	4
-61	-58	-46	-69	-53	-82	4
-61	-58	-50	-59	-52	-84	4
-60	-56	-48	-61	-49	-92	4
-55	-50	-46	-57	-48	-76	4
-56	-54	-43	-60	-50	-86	4
-58	-57	-49	-64	-49	-89	4
-58	-52	-49	-60	-47	-87	4
-57	-55	-50	-63	-50	-89	4
-57	-57	-50	-59	-54	-85	4
-58	-58	-51	-61	-51	-85	4
-59	-54	-48	-62	-47	-85	4
-57	-54	-48	-55	-47	-82	4
-60	-54	-50	-70	-48	-84	4
-59	-59	-49	-62	-47	-82	4
-56	-48	-43	-62	-43	-83	4
-59	-50	-45	-60	-48	-83	4
-56	-54	-50	-58	-50	-83	4
-59	-53	-45	-60	-51	-87	4
-54	-46	-48	-55	-48	-84	4
-58	-53	-44	-62	-52	-84	4
-61	-52	-48	-61	-45	-90	4
-60	-50	-51	-62	-49	-87	4
-60	-53	-52	-62	-50	-91	4
-58	-53	-52	-62	-51	-85	4
-59	-51	-49	-63	-45	-86	4
-59	-52	-44	-64	-43	-87	4
-61	-49	-42	-66	-43	-80	4
-62	-54	-48	-62	-48	-86	4
-57	-49	-44	-60	-50	-84	4
-64	-51	-44	-61	-50	-88	4
-58	-53	-42	-61	-51	-87	4
-56	-53	-42	-61	-55	-87	4
-56	-55	-44	-60	-49	-84	4
-56	-53	-42	-61	-49	-83	4
-59	-50	-45	-63	-49	-84	4
-59	-58	-48	-65	-53	-83	4
-60	-55	-42	-63	-53	-91	4
-59	-51	-46	-58	-46	-90	4
-63	-53	-47	-58	-46	-90	4
-57	-51	-47	-61	-50	-90	4
-58	-56	-51	-65	-53	-87	4
-62	-53	-52	-59	-48	-87	4
-63	-54	-52	-59	-44	-86	4
-57	-58	-52	-66	-46	-86	4
-61	-60	-52	-57	-51	-91	4
-61	-59	-52	-55	-48	-91	4
-61	-57	-51	-56	-46	-88	4
-60	-57	-52	-59	-47	-88	4
-61	-58	-53	-57	-45	-86	4
-58	-58	-51	-57	-49	-86	4
-59	-54	-49	-60	-46	-86	4
-57	-61	-45	-62	-48	-87	4
-61	-54	-48	-58	-47	-91	4
-61	-52	-49	-68	-45	-85	4
-57	-56	-47	-58	-44	-88	4
-57	-56	-48	-60	-49	-84	4
-57	-50	-47	-58	-46	-88	4
-58	-55	-51	-61	-44	-88	4
-58	-56	-52	-58	-48	-87	4
-58	-58	-46	-57	-47	-81	4
-59	-53	-51	-54	-45	-79	4
-60	-50	-48	-55	-46	-79	4
-59	-58	-48	-53	-55	-80	4
-59	-56	-49	-58	-52	-88	4
-58	-57	-45	-58	-42	-88	4
-55	-49	-51	-56	-50	-84	4
-55	-51	-48	-68	-51	-82	4
-58	-52	-51	-59	-49	-82	4
-59	-52	-50	-55	-49	-87	4
-59	-52	-52	-56	-50	-86	4
-58	-52	-50	-55	-48	-87	4
-57	-54	-51	-60	-47	-84	4
-55	-50	-49	-60	-45	-86	4
-55	-52	-45	-62	-46	-87	4
-62	-51	-46	-61	-49	-87	4
-60	-55	-46	-59	-49	-87	4
-59	-55	-48	-59	-46	-86	4
-60	-54	-45	-59	-45	-88	4
-56	-50	-47	-60	-50	-88	4
-59	-53	-49	-56	-47	-87	4
-59	-52	-50	-55	-55	-87	4
-61	-50	-50	-58	-48	-88	4
-57	-52	-48	-58	-51	-86	4
-58	-51	-51	-56	-54	-85	4
-56	-52	-50	-57	-53	-87	4
-57	-53	-50	-61	-56	-84	4
-59	-55	-50	-57	-52	-78	4
-61	-50	-51	-59	-55	-87	4
-56	-51	-52	-59	-48	-87	4
-56	-53	-51	-59	-50	-84	4
-57	-50	-51	-59	-51	-83	4
-57	-53	-50	-59	-52	-83	4
-56	-54	-49	-58	-48	-83	4
-56	-50	-51	-60	-58	-81	4
-58	-55	-50	-60	-48	-87	4
-60	-52	-46	-56	-48	-84	4
-58	-55	-50	-54	-48	-80	4
-61	-51	-52	-56	-47	-86	4
-60	-52	-51	-55	-48	-86	4
-63	-61	-49	-58	-46	-92	4
-61	-54	-45	-54	-43	-88	4
-57	-53	-45	-54	-52	-84	4
-56	-60	-47	-58	-46	-80	4
-55	-57	-43	-59	-53	-81	4
-55	-54	-43	-60	-51	-84	4
-56	-55	-45	-59	-52	-84	4
-55	-54	-46	-60	-50	-84	4
-56	-54	-47	-59	-52	-84	4
-56	-55	-44	-61	-51	-84	4
-57	-55	-48	-59	-51	-81	4
-59	-54	-49	-58	-52	-83	4
-58	-53	-46	-59	-50	-86	4
-56	-55	-44	-60	-51	-84	4
-56	-53	-43	-61	-58	-80	4
-57	-55	-50	-57	-49	-84	4
-56	-55	-54	-61	-46	-79	4
-57	-54	-49	-61	-43	-79	4
-59	-53	-45	-57	-45	-81	4
-57	-56	-53	-62	-48	-87	4
-63	-55	-50	-63	-50	-91	4
-61	-54	-51	-63	-44	-87	4
-59	-59	-48	-66	-50	-86	4
-59	-56	-50	-62	-47	-87	4
-62	-59	-46	-65	-45	-87	4
-62	-58	-52	-61	-41	-90	4
-59	-50	-45	-60	-45	-88	4
